Apprentice Cartographer's Sextant-->>3.749, 4.999, 4.177, 3.743, 3.739, 3.692, 3.731, 4.117, 3.725, 3.74, 4.105, 4.102, 3.712, 3.709, 3.705, 3.701, 3.698, 3.694, 3.69, 4.996, 3.687, 3.684, 3.752, 3.677, 4.055, 3.671, 3.7, 3.664, 3.626, 3.524, 3.152, 3.075, 3.058, 3.041, 3.029, 3.018, 3.998, 4.391, 2.882, 5.21, 2.89, 2.877, 3.078, 2.801, 2.781, 2.768, 2.746, 2.734, 2.709, 4.603
Journeyman Cartographer's Sextant-->>9.904, 10.02, 9.879, 10.028, 21.306, 10.049, 10.036, 10.023, 10.011, 9.838, 9.826, 9.814, 17.919, 9.82, 9.965, 9.776, 9.939, 9.927, 9.915, 10.683, 9.799, 10.206, 10.199, 9.861, 9.707, 9.837, 9.825, 9.668, 9.801, 9.646, 9.778, 9.767, 9.802, 9.745, 9.733, 9.584, 9.574, 9.563, 7.979, 13.142, 9.24, 7.979, 7.952, 7.925, 7.726, 7.63, 7.578, 10, 7.929, 7.608
exa-->>159.563, 207.9, 374.376, 309.444, 181.538, 160.013, 156.762, 157.747, 158.507, 160.222, 157.285, 156.57, 165.988, 156.42, 163.163, 161.495, 169.325, 303.726, 155.73, 163.048, 212.46, 155.332, 160.173, 205.309, 154.269, 153.814, 153.685, 152.559, 289.362, 149.288, 352.353, 251.755, 266.97, 230.964, 156.609, 154.591, 151.894, 249.836, 153.337, 213.584, 144.65, 144.334, 144.135, 145.96, 144.288, 285.725, 142.415, 148.072, 142.923, 146.437
Master Cartographer's Sextant-->>10.991, 24.655, 23.382, 10.423, 10.345, 23.584, 23.688, 10.448, 11.222, 11.593, 24.213, 14.923, 10.516, 11.098, 10.416, 10.46, 10.464, 10.449, 10.346, 10.329, 10.339, 10.388, 10.33, 10.265, 10.98, 10.333, 10.962, 10.205, 10.189, 10.215, 10.158, 10.142, 10.127, 10.487, 10.132, 10.116, 10.109, 10.055, 8.864, 8.901, 8.925, 10.268, 14.309, 8.99, 8.872, 8.95, 8.932, 9.639, 14.285, 9.227
Remnant of Corruption-->>5.375, 5.363, 8.59, 12.747, 5.641, 6.178, 6.176, 5.674, 5.621, 5.615, 11.876, 6.174, 6.172, 5.367, 5.614, 9.144, 5.616, 5.611, 5.341, 5.323, 6.154, 5.589, 5.408, 5.297, 5.287, 5.566, 5.561, 6.135, 5.553, 5.254, 5.543, 5.24, 5.232, 9.045, 5.234, 6.12, 9.043, 4.691, 6.916, 4.818, 4.691, 7.611, 5.261, 5.259, 5.258, 6.012, 5.256, 5.535, 5.212, 4.785
vaal-->>1.086, 2.602, 1.091, 1.089, 1.088, 1.087, 1.086, 2.662, 1.788, 1.092, 1.091, 2.091, 1.04, 1.791, 2.1, 1.047, 1.095, 1.154, 1.094, 1.093, 2.095, 1.794, 1.796, 1.098, 1.471, 1.097, 1.096, 1.095, 1.794, 1.096, 1.789, 1.096, 1.15, 1.794, 2.339, 1.1, 1.813, 1.802, 1.102, 1.803, 1.115, 1.116, 1.097, 1.106, 1.493, 1.122, 1.85, 1.122, 1.128, 1.829
Orb of Regret-->>1.466, 1.462, 1.459, 1.455, 1.451, 1.448, 3.464, 1.455, 1.998, 1.452, 1.998, 1.449, 3.571, 1.457, 3.794, 1.466, 2.95, 3.535, 3.557, 3.58, 1.545, 1.498, 2.223, 1.559, 3.384, 1.502, 1.499, 2, 1.496, 1.493, 1.732, 2, 2.485, 1.558, 1.541, 1.777, 1.51, 1.483, 1.508, 1.477, 1.475, 1.472, 1.422, 1.428, 1.434, 1.44, 1.447, 1.49, 2.63, 1.455
alch-->>1.114, 0.25, 1, 2.394, 2.805, 1.131, 2.688, 1.189, 1.188, 1.267, 1.253, 1.262, 2.607, 2.256, 1.129, 2.26, 1.172, 1.204, 2.647, 2.94, 1.16, 1.276, 1.214, 1.177, 1.244, 1.611, 1.434, 1.565, 1.414, 1.107, 1.103, 1.126, 1.098, 1.109, 1.204, 1.09, 1.105, 1.674, 1.121, 1.152, 1.116, 1.954, 2.869, 1.887, 1.113, 1.97, 1.986, 1.989, 1.996, 1.974
divine-->>25.177, 74.407, 90.184, 142.185, 81.265, 36.871, 89.886, 22.86, 22.783, 25.239, 42.415, 23.454, 30, 25.243, 22.569, 23.002, 41.883, 24.639, 22.458, 24.57, 24.543, 25.098, 25.731, 23.954, 22.507, 23.886, 34.026, 22.083, 22.653, 22.022, 23.774, 22.864, 25.569, 22.807, 22.147, 22.103, 22.058, 37.549, 23.62, 37.537, 21.737, 21.611, 21.638, 21.59, 29.873, 29.315, 31.147, 30.909, 25.445, 25.379
gcp-->>1, 1.5, 1, 0.5, 3, 1, 1, 1, 1, 10, 10, 1, 0.333, 1, 1, 1.915, 1.22, 1.217, 2.745, 3.151, 1.237, 1.233, 1.23, 1.227, 1.224, 1.224, 1.916, 1.218, 1.218, 2.889, 1.256, 1.222, 1.22, 1.915, 1.219, 1.452, 1.914, 1.218, 1.188, 1.912, 1.215, 1.213, 1.244, 1.347, 1.207, 1.205, 1.31, 1.307, 1.965, 1.52
jew-->>0.062, 0.125, 0.077, 0.084, 0.111, 0.071, 0.149, 0.125, 0.5, 1.102, 0.083, 0.5, 0.289, 0.557, 0.347, 2.5, 0.067, 0.204, 0.208, 0.468, 0.524, 0.506, 0.216, 0.221, 0.221, 0.497, 0.507, 0.225, 0.427, 0.228, 0.216, 0.406, 0.214, 0.219, 0.301, 0.223, 0.294, 0.227, 0.221, 0.355, 0.291, 0.215, 0.222, 0.224, 0.215, 0.231, 0.53, 0.272, 0.449, 0.386
Regal Orb-->>1, 1, 1, 3, 2, 1, 1, 4.233, 1, 1, 3.541, 2.828, 6.762, 8.419, 9.63, 9.172, 7.215, 4.233, 5.035, 1.521, 1.516, 3.554, 1.526, 2, 1.521, 2, 1.516, 1.511, 1.538, 1.528, 2, 1.623, 1.513, 1.489, 2, 1.485, 1.509, 2, 2.493, 2.471, 2.108, 1.487, 1.483, 1.496, 1.475, 1.906, 1.921, 2.116, 1.956, 2.943
chance-->>0.067, 0.301, 1, 1, 0.84, 0.09, 1, 1, 0.083, 0.79, 0.79, 0.79, 0.79, 0.79, 0.79, 0.79, 0.79, 0.79, 0.091, 0.111, 0.111, 0.155, 0.077, 0.05, 1, 0.056, 0.295, 0.675, 0.7, 0.313, 0.288, 0.748, 0.32, 0.311, 0.285, 0.318, 0.311, 0.745, 0.472, 0.292, 0.308, 0.616, 0.321, 0.308, 0.308, 0.307, 0.293, 0.305, 0.47, 0.397
scour-->>1, 1, 0.2, 0.5, 1, 0.5, 1.01, 0.897, 1, 0.5, 2, 1, 1, 0.5, 1, 0.333, 0.385, 0.5, 0.948, 0.5, 1, 0.5, 1, 0.5, 0.25, 0.333, 0.5, 0.25, 0.529, 0.901, 0.903, 0.553, 1.336, 0.526, 1.152, 0.529, 0.698, 1.039, 1.044, 0.829, 1.08, 1.141, 0.924, 0.572, 0.929, 0.935, 0.586, 0.671, 0.586, 0.568
Orb of Annulment-->>17, 101.427, 93.596, 16, 30, 20, 20, 30, 15, 45, 50, 40, 19.95, 15, 37.249, 22.813, 12, 20, 17.183, 15, 20, 20, 19, 42.069, 19.044, 21.058, 21.026, 20.996, 20.967, 46.647, 20.084, 19.644, 19.588, 20.982, 19.902, 19.86, 19.066, 19.01, 19.302, 20.801, 20.782, 20.763, 19.168, 18.48, 18.426, 18.374, 18.619, 19.429, 20.599, 19.843
chisel-->>0.568, 0.5, 1, 0.5, 0.333, 0.42, 1, 0.333, 0.5, 0.5, 0.2, 10, 0.65, 0.894, 0.953, 1.018, 0.926, 2.056, 2.083, 0.933, 0.927, 0.929, 2.184, 0.919, 0.914, 0.91, 0.882, 1.023, 1.022, 1.021, 0.959, 0.877, 0.886, 0.896, 0.972, 0.914, 0.852, 0.848, 1.529, 1.015, 0.848, 0.845, 1.012, 0.84, 1.011, 0.87, 0.827, 0.808, 0.842, 0.815
Blessed Orb-->>0.5, 1, 6.674, 1, 0.604, 4, 0.5, 1, 1, 2, 1, 1.714, 2, 4, 0.5, 1, 1.265, 5, 1, 1, 1, 1.623, 9, 4, 4, 4, 1.383, 0.5, 0.5, 1.767, 2.858, 4.163, 3.693, 3.709, 3.522, 1.748, 2.12, 2.076, 2.111, 2.832, 2.094, 2.114, 2.111, 1.726, 2.034, 1.87, 2.768, 1.885, 2.085, 2.03
fuse-->>0.5, 0.5, 4.312, 4.363, 0.5, 0.5, 0.5, 0.5, 0.658, 1, 0.676, 0.582, 0.3, 0.3, 0.3, 0.3, 0.3, 0.3, 0.832, 0.972, 0.641, 1.05, 1.617, 1.692, 0.779, 0.714, 1.076, 1.06, 0.718, 0.737, 1.227, 1.23, 0.989, 0.687, 0.67, 0.862, 1.211, 0.678, 0.987, 0.785, 0.68, 1.189, 0.748, 0.821, 0.72, 0.763, 0.769, 0.772, 0.724, 1.011
silver-->>0.2, 0.2, 0.2, 0.2, 0.2, 0.2, 0.2, 0.2, 0.2, 1.405, 0.5, 2, 1.46, 1, 0.5, 0.2, 11.537, 1.517, 0.5, 4.221, 10.391, 1.422, 1.273, 2.695, 2.454, 3.159, 1.516, 3.247, 2.498, 1.665, 1.432, 1.343, 1.674, 1.596, 1.354, 1.969, 1.437, 1.694, 1.324, 1.302, 1.304, 1.489, 1.497, 1.353, 1.955, 1.527, 1.955, 1.529, 1.299, 1.369
chrom-->>0.1, 0.1, 0.1, 0.1, 0.1, 0.1, 0.1, 0.1, 0.1, 0.1, 0.1, 0.1, 0.1, 0.1, 0.1, 0.1, 0.091, 0.149, 0.091, 0.176, 0.184, 0.175, 0.093, 0.087, 0.083, 0.111, 0.111, 0.111, 0.111, 0.111, 0.111, 0.111, 0.111, 0.111, 0.111, 0.111, 0.111, 0.111, 0.111, 0.111, 0.089, 0.101, 0.133, 0.101, 0.148, 0.086, 0.086, 0.086, 0.086, 0.086
alt-->>0.1, 0.1, 0.1, 0.1, 0.1, 0.1, 0.1, 0.1, 0.1, 0.1, 0.1, 0.1, 0.1, 0.1, 0.1, 0.1, 0.1, 0.1, 0.1, 0.1, 0.1, 0.092, 0.123, 0.078, 0.191, 0.095, 0.095, 0.1, 0.152, 0.082, 0.092, 0.087, 0.112, 0.195, 0.098, 0.144, 0.09, 0.149, 0.175, 0.124, 0.122, 0.164, 0.101, 0.085, 0.101, 0.165, 0.202, 0.087
Ancient Orb-->>30, 30, 15, 21, 25, 20, 17, 25, 20, 10, 30, 17, 30, 127.816, 45, 30, 18, 33, 25, 23, 20, 16, 16, 35, 52.585, 54.251, 37.608, 30.022, 22.875, 30.001, 30.001, 22.676, 25.822, 23.244, 22.574, 22.333, 22.169, 22.01, 21.856, 22.631, 25.438, 21.367
Stacked Deck-->>3, 3, 3, 3, 3, 3, 3, 3, 3, 3, 3, 4, 3, 3, 4.795, 3.011, 3.01, 4.661, 3.019, 3.854, 3.022, 3.862, 3.024, 3.868, 3.027, 3.025, 3.023, 3.022, 3.862, 4.407, 4.433, 3.895, 3.04, 3.038, 3.037, 2.538, 3.884, 3.889
regret-->>1, 1, 1, 0.333, 1, 1, 1, 0.5, 0.333, 0.5, 1, 0.5, 0.5, 0.333, 1, 1, 0.638, 1, 0.5, 0.25, 1, 0.2, 0.561, 0.911, 0.534, 0.561, 0.556, 0.554, 1.055, 0.844, 0.663, 0.559, 0.557, 0.555, 0.863, 0.961
Engineer's Orb-->>5, 5, 10, 6.225, 6.225, 6.225, 10, 10, 10, 10, 10, 10, 6.859, 6.849, 8, 8, 6.85, 6.812, 6.776, 1, 1, 3, 6.135, 11.222, 11.721, 11.956, 12.181, 6.798, 6.768, 6.738, 6.71, 6.682, 6.656, 6.03, 6.588
Orb of Horizons-->>3, 3, 3, 3, 20, 1, 2, 10, 3, 5, 4, 8, 2, 12, 5, 2, 1, 1, 7.29, 3.813, 3.762, 4.102, 3.685, 3.642, 3.602, 3.564, 3.528, 3.493, 3.46, 3.429, 3.507, 3.373
Exalted Shard-->>6, 11, 6, 8, 27.55, 6, 36, 7, 20, 7, 127.666, 127.666, 6.5, 26.311, 23.875, 25.611, 27.214, 25.227, 23.827, 23.563, 23.314, 23.077, 22.852, 22.638, 22.434, 22.238, 22.05, 21.871, 21.256
Armourer's Scrap-->>0.3, 0.2, 0.27, 0.601, 0.188, 1, 0.287, 0.494, 0.979, 0.91, 0.222, 0.293, 2.61, 0.733, 0.167, 0.1, 0.453, 1.149, 0.897, 0.584, 0.602, 0.602, 0.581, 0.599, 0.522, 0.523, 0.52, 0.821
regal-->>0.5, 0.5, 1, 0.5, 0.333, 1, 0.333, 0.5, 1, 1, 1, 0.5, 1, 0.5, 0.5, 0.547, 0.543, 0.886, 0.545, 0.542, 0.885, 1.117, 0.905, 0.558, 0.907, 0.559, 1.023
Orb of Augmentation-->>0.149, 0.3, 0.174, 0.607, 1, 0.733, 0.91, 0.614, 0.494, 0.146, 0.979, 1, 1, 1, 1, 1, 1, 0.917, 1.003, 0.577, 1.014, 0.58, 0.698, 0.691, 0.686, 0.928
Glassblower's Bauble-->>1, 1, 2, 8, 2.188, 1.265, 6, 2.377, 0.5, 7, 1, 2.212, 2.759, 2.218, 2.411, 2.941, 2.529, 2.147, 2.206, 2.618, 2.311, 2.292, 2.561, 2.171, 2.161, 2.07
Blacksmith's Whetstone-->>0.287, 0.494, 0.979, 0.91, 0.222, 0.293, 2.61, 0.733, 0.167, 0.604, 0.2, 0.453, 0.946, 0.665, 0.659, 1.349, 0.702, 0.698, 0.568, 0.666, 0.879, 0.886, 0.887
Albino Rhoa Feather-->>580, 1485.45, 3973.72, 1175.763, 1175.763, 400, 230.114, 1028.759, 1017.443, 1256.719, 1094.136, 1088.248, 293.301, 200.87, 908.237, 895.244, 1029.462, 797.34, 868.765, 1042.661, 869.361
Ancient Shard-->>2, 1, 1, 1, 5, 1, 1, 1, 10, 0.5, 1, 1, 1, 1, 1.999, 1.475, 1.452, 1.432, 1.413, 1.395, 1.986
Orb of Binding-->>70.957, 389.405, 70.957, 70.957, 70.957, 101.735, 99.677, 87.664, 87.664, 94.588, 94.137, 92.925, 92.259, 91.567, 107.749, 107.222, 105.234, 106.989, 107.725, 106.489
Harbinger's Orb-->>13, 14, 15, 20, 14, 15, 14, 15, 18.75, 15, 20, 56, 36.546, 16.053, 31.297, 20.04, 16.644, 16.119, 15.66
screaming-->>0.333, 0.333, 1, 1, 1, 1, 1, 1, 0.5, 0.5, 1, 1, 0.167, 0.941, 0.947, 0.952, 0.957, 0.961
Perandus Coin-->>0.005, 0.005, 0.005, 0.005, 0.005, 0.005, 0.005, 0.005, 0.005, 0.005, 0.005, 0.01, 0.011, 0.012, 0.012, 0.013, 0.009
Apprentice Cartographer's Seal-->>5, 5, 5, 3, 2, 10, 5, 3, 9, 3, 4, 9.015, 9.583, 4.45, 5.046, 5.954
Orb of Transmutation-->>0.015, 0.015, 0.015, 0.015, 0.015, 0.015, 0.015, 0.015, 0.015, 0.015, 0.015, 0.019, 0.016, 0.012, 0.02
Portal Scroll-->>0.01, 0.01, 0.01, 0.01, 0.01, 0.01, 0.01, 0.01, 0.01, 0.01, 0.01, 0.01, 0.01
blessed-->>0.25, 0.125, 0.125, 0.143, 0.125, 0.25, 0.125, 0.1, 0.144, 0.248, 0.125, 0.243, 0.136
aug-->>0.011, 0.017, 0.017, 0.014, 0.013, 0.014, 0.014, 0.011, 0.021, 0.023, 0.017, 0.013
dawn-->>1, 1, 0.5, 1, 0.5, 1, 1, 0.5, 0.62, 0.956, 0.907, 1.182
Scroll of Wisdom-->>0.005, 0.005, 0.005, 0.005, 0.005, 0.005, 0.005, 0.005, 0.005, 0.005, 0.005
Orb of Fusing-->>0.5, 2.053, 0.55, 1.707, 0.368, 0.3, 1.746, 0.47, 0.47, 0.47
splinter-->>1, 1, 1, 0.125, 0.486, 0.486, 1, 0.585, 0.637, 1.237
dusk-->>1, 1, 0.5, 1, 0.5, 1, 0.5, 0.604, 0.944, 0.953
Harbinger's Shard-->>0.5, 1, 1, 1, 1, 0.99, 0.993, 0.995, 0.996, 0.997
Mirror of Kalandra-->>324300.24, 25602.423, 31847.125, 95757.444, 89549.972, 85370.477, 81591.527, 78739.664, 76316.64, 74157.552
apprentice-->>1, 1, 1, 1, 1, 1, 1, 1.796, 1.009
noon-->>1, 1, 0.5, 0.5, 0.583, 0.565, 0.553, 0.892, 1.062
Annulment Shard-->>1, 1, 10, 1, 1, 1, 1.9, 1.828
Master Cartographer's Seal-->>15, 20, 24, 18, 22, 20, 23.277, 16.395
tra-->>0.001, 0.005, 0.004, 0.003, 0.004, 0.003, 0.005, 0.005
wis-->>0.003, 0.003, 0.002, 0.003, 0.002, 0.002, 0.003
port-->>0.006, 0.003, 0.003, 0.005, 0.003, 0.003, 0.004
Engineer's Shard-->>389.405, 124.978, 149.029, 123.897, 128.754, 182.218
Horizon Shard-->>1.159, 0.486, 0.968, 0.983, 1.796, 1.006
chaos-->>0.5, 0.1, 1, 1, 0.506
Journeyman Cartographer's Seal-->>21, 17, 15, 25, 14.628
Binding Shard-->>389.405, 124.938, 149.167, 125.394, 128.008
whetstone-->>0.006, 0.005, 0.008, 0.005, 0.006
Unshaping Orb-->>20, 10, 14.067, 11.203, 10.68
armour-->>0.004, 0.005, 0.003, 0.003, 0.005
shrieking-->>1, 1, 1, 1
glass-->>0.077, 0.045, 0.056, 0.112
journeyman-->>0.25, 0.493, 0.72, 0.947
portal-->>0.001, 0.003, 0.003
Scroll Fragment-->>1, 1.963, 2.952
blesse-->>0.292, 0.22, 0.377
Eternal Orb-->>9455394.118, 18779.429, 4708490.653
wisdom-->>0.001, 0.002
mid-->>1, 0.76
alchemy-->>0.333, 0.333
whe-->>0.005, 0.005
remnant-->>1, 1
blacksmith-->>0.005, 0.006
chrome-->>0.152, 0.241
master-->>9.857, 10.78
trans-->>0.001
Transmutation Shard-->>137387632.035
wait-->>0.111
phantasmagoria-->>1
ancient-->>0.077
Dusk-->>1
Dawn-->>1
Noon-->>1
annulment-->>0.143
czzzhrom-->>0.111
rzzzegret-->>1
bzzzlessed-->>0.25
scr-->>0.002
deafening-->>1
the-->>2
sunken-->>0.083
Aug-->>0.02
bauble-->>0.025
orb-->>25.854
mirror-->>101594.859
