alt-->>0, 0, 0, 0, 0, 0, 0, 0, 0, 0, 0, 0, 0, 0, 0, 0, 0, 0, 0, 0, 0, 0, 0, 0, 0, 0, 0, 0, 0, 0, 0, 0, 0, 0, 0, 0, 0, 0, 0, 0, 0, 0, 0, 0, 0, 0, 0, 0, 0, 0
jew-->>0, 0, 0, 0, 0, 0, 0, 0, 0, 0, 0, 0, 0, 0, 0, 0, 0, 0, 0, 0, 0, 0, 0, 0, 0, 0, 0, 0, 0, 0, 0, 0, 0, 0, 0, 0, 0, 0, 0, 0, 0, 0, 0, 0, 0, 0, 0, 0, 0, 0
chisel-->>0, 0, 0, 0, 0, 0, 0, 0, 0, 0, 0, 0, 0, 0, 0, 0, 0, 0, 0, 0, 0, 0, 0, 0, 0, 0, 0, 0, 0, 0, 0, 0, 0, 0, 0, 0, 0, 0, 0, 0, 0, 0, 0, 0, 0, 0, 0, 0, 0, 0
vaal-->>1.5, 1.5, 1.5, 1.5, 1.5, 1.5, 1.5, 1.5, 1.5, 1.5, 1.5, 1.5, 1.5, 1.5, 1.5, 1.5, 1.5, 1.5, 1.5, 1.5, 1.5, 1.5, 1.5, 1.5, 1.5, 1.167, 1.16, 1.153, 1.399, 1.855, 1.321, 1.15, 1.499, 1.145, 1.419, 1.14, 1.844, 1.215, 1.138, 1.497, 1.134, 1.131, 2.174, 1.136, 1.132, 1.129, 1.126, 1.122
alch-->>0.3, 0.3, 0.3, 0.3, 0.3, 0.3, 0.3, 0.3, 0.3, 0.3, 0.3, 0.3, 0.3, 0.3, 0.3, 0.3, 0.3, 0.3, 0.3, 0.3, 0.3, 0.3, 0.3, 0.3, 0.3, 0.33, 0.287, 0.33, 0.33, 0.328, 0.328, 0.328, 0.331, 0.23, 0.228, 0.257, 0.3, 0.374, 0.376, 0.26, 0.3, 0.259, 0.421, 0.331, 0.372, 0.3, 0.26
chrom-->>0, 0, 0, 0, 0, 0, 0, 0, 0, 0, 0, 0, 0, 0, 0, 0, 0, 0, 0, 0, 0, 0, 0, 0, 0, 0, 0, 0, 0, 0, 0, 0, 0, 0, 0, 0, 0, 0, 0, 0, 0, 0, 0, 0
Apprentice Cartographer's Sextant-->>6, 4.667, 4.083, 7.416, 4.169, 4.027, 3.851, 4.092, 4.13, 3.563, 3.469, 3.498, 3.453, 3.392, 3.506, 3.169, 3.142, 3.072, 3.029, 2.989, 2.952, 2.918, 2.885, 2.855, 2.826, 2.8, 2.774, 2.747, 2.728, 3.098, 2.824, 2.812, 3.079, 6.001, 2.692, 2.672, 2.669, 2.637, 2.778, 2.625, 2.611, 2.753, 3.051
fuse-->>0.4, 0.4, 0.4, 0.4, 0.4, 0.4, 0.4, 0.4, 0.4, 0.4, 0.4, 0.4, 0.4, 0.4, 0.4, 0.4, 0.4, 0.4, 0.4, 0.4, 0.4, 0.4, 0.4, 0.4, 0.4, 0.4, 0.4, 0.344, 0.352, 0.361, 0.478, 0.407, 0.4, 0.324, 0.4, 0.323, 0.343, 0.342, 0.324, 0.4
gcp-->>1.5, 1.5, 1.5, 1.5, 1.5, 1.5, 1.5, 1.5, 1.5, 1.5, 1.5, 1.5, 1.5, 1.5, 1.5, 1.5, 1.5, 1.5, 1.5, 1.5, 1.5, 1.5, 1.5, 1.5, 1.5, 1.167, 1.16, 1.84, 1.16, 1.154, 1.148, 1.093, 1.846, 1.143, 1.183, 1.092, 1.097, 1.097, 1.232
chance-->>0.09, 0.09, 0.09, 0.09, 0.09, 0.09, 0.09, 0.09, 0.09, 0.09, 0.09, 0.09, 0.09, 0.09, 0.09, 0.09, 0.09, 0.09, 0.09, 0.09, 0.09, 0.09, 0.09, 0.09, 0.09, 0.084, 0.099, 0.099, 0.099, 0.068, 0.097, 0.076, 0.081, 0.099, 0.084, 0.075, 0.087
scour-->>0.3, 0.3, 0.3, 0.3, 0.3, 0.3, 0.3, 0.3, 0.3, 0.3, 0.3, 0.3, 0.3, 0.3, 0.3, 0.3, 0.3, 0.3, 0.3, 0.3, 0.3, 0.3, 0.3, 0.3, 0.3, 0.33, 0.421, 0.424, 0.462, 0.507, 0.385, 0.247, 0.333, 0.413
Journeyman Cartographer's Sextant-->>6, 5.167, 9.218, 6.093, 5.689, 6.954, 6.967, 6.975, 6.06, 6.049, 4.972, 6.022, 5.44, 6.012, 6.011, 6.009, 6.915, 6.011, 6.01, 6.918, 6.012, 6.011, 6.92, 6.012, 6.924, 6.929, 6.934, 5.612, 5.274, 6.012, 5.595, 6.919
divine-->>7, 7, 7, 7, 7, 7, 7, 7, 7, 7, 7, 7, 7, 7, 7, 7, 7, 7, 7, 7, 7, 7, 7, 7, 7, 5.835, 5.373, 10.622, 10.971, 6.403, 11.094
exa-->>55, 55, 55, 55, 55, 55, 55, 55, 55, 55, 55, 55, 55, 55, 55, 55, 55, 63.476, 78.552, 63.546, 80.871, 80.717, 80.298, 90.107, 82.664, 83.248
Master Cartographer's Sextant-->>7, 7, 7, 6.143, 8.455, 8.607, 7.018, 7.942, 7.954, 7.963, 7.97, 8.766, 6.507, 9.406, 7.063, 6.674, 7.979, 7.05, 7.045, 8.768, 6.343, 6.32, 7.033, 6.628, 7.026
Orb of Regret-->>1, 1, 1.5, 2.333, 1.144, 1.46, 1.804, 1.103, 1.451, 1.833, 1.739, 1.752, 1.172, 1.158, 1.736, 1.155, 2.386, 1.151, 1.163, 1.153
Remnant of Corruption-->>5, 7.5, 8.594, 5.587, 10.374, 5.784, 5.4, 5.519, 5.44, 6.051, 5.356, 6.952, 5.331, 4.885, 5.257, 8.558, 5.039, 5.258
Blessed Orb-->>0.5, 0.75, 1.172, 0.635, 1.141, 0.648, 0.616, 0.724, 1.136, 0.796, 0.965, 0.651, 0.689, 0.652, 0.607, 0.6
Orb of Augmentation-->>0.05, 0.05, 0.05, 0.05, 0.05, 0.05, 0.05, 0.05, 0.05, 0.05, 0.044
Regal Orb-->>35.899, 34.926, 33.525, 33.812, 31.801, 33.212, 32.892, 32.754, 32.917, 32.556, 32.696
Stacked Deck-->>5, 3.8, 8.261, 4.5, 5.028, 4.01, 3.908, 3.755, 7.278, 4.222
Orb of Annulment-->>20, 36.286, 21.412, 21.927, 19.893, 20.006, 20.455, 18.5, 28.029, 19.066
regret-->>0.526, 0.775, 0.527, 0.457, 0.441, 0.736, 0.696, 0.515
regal-->>0.571, 0.429, 0.381, 0.354, 0.636, 0.724
silver-->>5, 4.93, 4.727, 7.119, 5.251, 5.213
aug-->>0.017, 0.013, 0.011, 0.01, 0.016
blessed-->>0.125, 0.094, 0.137, 0.089, 0.086
Albino Rhoa Feather-->>107.696, 80.909, 72.003, 75.394
orb-->>4.497, 5.808, 6.789, 4.365
Orb of Horizons-->>2, 3, 3.958
Orb of Binding-->>1, 0.79, 1.69
Glassblower's Bauble-->>3.6, 6.839, 5.121
Orb of Transmutation-->>0.398, 0.382, 0.374
chaos-->>1, 0.75, 0.661
Ancient Shard-->>1, 1.667
Harbinger's Orb-->>25, 32.639
Engineer's Orb-->>35.899, 34.926
Mirror of Kalandra-->>10051.596, 9892.977
Scroll of Wisdom-->>0.005, 0.01
Armourer's Scrap-->>0.01, 0.017
Apprentice Cartographer's Seal-->>9, 7
Scroll Fragment-->>143.594, 108.99
apprentice-->>0.5, 0.5
Portal Scroll-->>1, 1
Ancient Orb-->>16
jeweller-->>0.071
Master Cartographer's Seal-->>25
Eternal Orb-->>3500
alleyways-->>0.3
Exalted Shard-->>8
Annulment Shard-->>1
Perandus Coin-->>18.09
Engineer's Shard-->>1
Blacksmith's Whetstone-->>0.012
screaming-->>0.3
wisdom-->>0.003
wis-->>0.002
tra-->>0.005
armour-->>0.005
port-->>0.004
whetstone-->>0.006
Journeyman Cartographer's Seal-->>18
canyon-->>0.333
bauble-->>0.036
augmentation-->>0.016
